# Enqueue descriptors
# V <delay> <pkt_len> <fin_time> <flow_id> <pkt_id>
V 4 64 1 0 0
V 4 64 32 1 0
V 4 64 2 2 0
V 4 64 31 3 1
V 4 64 3 4 0
V 4 64 30 5 0
V 4 64 4 6 0
V 4 64 29 7 0
V 4 64 5 8 0
V 4 64 28 9 0
V 4 64 6 10 0
V 4 64 27 11 0
V 4 64 7 12 0
V 4 64 26 13 0
V 4 64 8 14 0
V 4 64 25 15 0
V 4 64 9 16 0
V 4 64 24 17 0
V 4 64 10 18 0
V 4 64 23 19 0
V 4 64 11 20 0
V 4 64 22 21 0
V 4 64 12 22 0
V 4 64 21 23 0
V 4 64 13 24 0
V 4 64 20 25 0
V 4 64 14 26 0
V 4 64 19 27 0
V 4 64 15 28 0
V 4 64 18 29 0
V 4 64 16 30 0
V 4 64 17 31 0
V 4 64 32 32 0
V 4 64 16 33 0
